992
886
635
915
371
335
94
492
332
48
835
197
95
59
763
926
719
483
112
145
211
157
32
472
782
592
862
447
446
190
105
122
883
427
168
167
752
456
27
37
767
638
501
455
784
537
39
780
315
333
448
536
125
843
628
328
26
559
996
778
52
925
268
222
336
505
846
155
313
857
124
742
41
731
693
367
434
364
919
750
45
257
24
178
612
584
909
29
700
399
722
305
676
180
98
295
226
574
346
657
588
570
76
378
467
665
586
255
317
398
652
756
301
280
845
617
400
144
444
619
220
187
855
689
57
433
561
527
210
927
724
863
497
248
381
965
781
262
219
380
528
871
323
196
175
736
270
302
708
623
337
261
102
702
896
212
66
119
921
792
379
488
764
285
841
350
193
500
519
162
106
831
169
608
743
491
110
480
859
83
432
885
437
138
388
407
474
28
182
832
508
237
235
4
818
897
655
558
928
880
776
404
394
14
785
101
256
654
904
77
108
816
369
917
544
218
47
718
331
163
490
499
354
733
837
935
745
624
5
786
669
853
344
595
766
707
662
23
482
611
622
828
299
343
293
568
150
422
409
424
735
801
661
691
861
377
320
19
265
391
263
258
72
416
282
118
53
637
84
948
698
393
800
374
553
550
468
895
986
856
881
564
933
995
563
910
529
981
273
580
533
149
518
668
704
690
876
893
436
236
932
321
376
17
136
902
445
111
417
241
126
412
303
987
171
421
64
709
342
587
606
96
713
372
799
678
390
599
695
208
939
811
940
411
824
803
75
46
156
82
495
644
85
478
396
808
706
291
813
972
230
850
625
385
772
554
640
9
63
322
714
294
524
250
194
806
326
511
974
245
994
793
274
769
899
673
827
453
164
760
579
884
998
538
621
130
523
204
99
88
387
626
944
201
36
506
44
368
815
868
140
395
872
459
254
498
271
81
753
311
232
667
510
648
442
310
133
602
142
199
35
891
62
797
810
509
423
765
749
477
730
184
686
141
796
575
120
938
591
121
975
460
890
787
115
405
67
123
413
748
556
107
794
697
699
78
42
734
577
589
420
681
239
205
555
715
535
97
658
692
33
134
6
629
370
964
3
132
583
549
365
900
348
283
949
738
253
874
312
100
923
384
143
598
866
920
541
569
826
339
465
357
788
737
429
761
543
418
361
990
435
486
546
38
12
259
634
170
755
69
0
363
779
504
795
922
726
49
983
531
578
552
854
959
462
970
650
515
631
603
34
627
260
469
213
246
677
300
353
954
610
113
720
160
73
487
620
771
18
833
751
566
770
223
173
244
181
522
849
604
937
51
174
375
687
783
55
817
576
267
159
971
314
913
757
659
316
288
516
92
103
451
530
985
814
414
449
461
819
521
600
454
565
869
703
195
240
272
131
847
957
647
494
493
127
791
517
441
296
596
945
931
947
951
276
397
87
740
956
929
739
60
189
728
633
457
269
176
152
40
790
349
470
129
297
56
812
732
977
685
526
774
227
694
840
759
16
968
542
911
471
727
355
984
209
601
660
186
746
711
805
934
609
200
955
161
908
747
382
918
670
882
906
489
717
86
21
450
481
961
675
128
1
594
74
359
308
325
825
775
754
646
710
292
135
426
525
507
889
430
716
943
614
721
2
109
723
172
572
836
870
873
941
798
22
80
281
950
664
473
789
545
804
851
680
278
89
11
215
386
428
958
484
440
967
65
203
807
438
287
116
663
406
674
562
573
688
247
946
829
534
216
146
338
68
58
513
229
894
582
842
830
327
298
912
8
978
966
571
238
324
266
231
942
221
613
183
852
358
514
560
973
233
148
166
982
373
820
188
684
452
802
618
479
821
979
366
768
914
712
243
642
43
864
177
304
907
290
10
581
214
963
347
936
705
877
991
532
318
165
91
185
419
888
345
362
540
341
7
202
383
860
838
980
632
286
356
989
410
729
153
725
158
330
758
251
930
79
93
696
905
878
672
279
147
875
682
551
844
839
191
557
137
867
988
389
15
762
639
547
431
969
466
567
104
25
834
656
54
683
960
999
679
597
653
809
31
50
192
439
90
993
643
924
666
154
822
307
319
403
952
13
425
139
585
228
865
848
962
630
916
593
701
217
306
502
898
352
30
340
607
475
887
408
616
590
264
520
858
636
649
879
289
645
744
70
351
20
249
277
329
151
224
242
402
415
671
892
443
225
464
976
114
401
503
651
61
539
392
206
476
334
485
605
309
360
275
496
71
777
903
458
741
953
823
117
615
234
641
773
252
179
207
463
997
512
548
284
901
198
