348
127
198
355
232
783
494
245
186
567
600
486
442
85
4
966
136
183
526
37
946
719
367
222
96
934
936
140
95
138
757
621
808
716
125
271
93
909
124
447
161
676
731
732
795
563
884
213
823
180
797
668
52
396
798
713
205
754
482
652
428
742
176
582
393
682
932
78
14
347
162
306
418
235
389
20
799
39
650
67
108
549
179
528
589
767
334
45
120
451
181
194
759
98
776
384
762
99
238
700
684
793
523
835
231
121
336
635
48
109
548
504
264
268
461
853
944
745
427
711
72
450
255
338
971
888
378
565
595
331
265
429
249
926
467
0
273
377
686
7
997
383
49
227
19
796
692
921
215
862
350
568
659
927
612
90
313
538
973
113
453
519
892
603
261
712
839
455
156
662
513
402
790
891
224
326
903
64
123
323
195
691
228
86
28
59
500
993
704
726
295
733
8
610
364
857
251
724
210
55
317
723
100
280
626
57
101
315
394
366
475
636
456
487
44
975
722
803
470
840
882
312
573
648
695
843
653
75
537
546
665
473
586
408
774
237
335
105
525
667
137
415
670
410
651
291
400
982
77
448
815
681
773
574
83
917
792
706
274
340
73
443
664
432
585
955
811
607
542
580
640
206
1
558
70
916
110
830
51
952
294
424
556
398
532
885
476
314
357
16
305
324
785
896
666
644
834
530
729
167
855
370
787
728
910
247
13
738
330
805
395
217
730
421
489
188
658
253
146
569
133
58
688
481
122
772
837
905
584
520
698
587
204
902
705
755
781
879
736
897
751
637
717
833
243
363
812
933
360
496
609
250
734
282
319
488
541
462
152
983
869
791
423
352
514
54
889
972
941
373
710
911
150
34
744
401
606
601
472
23
849
171
819
76
369
825
413
287
518
343
848
951
444
623
118
170
40
211
275
655
919
412
289
614
517
786
30
977
43
276
550
81
230
592
163
196
914
380
458
149
362
5
572
419
597
298
784
769
687
499
332
94
562
111
190
543
130
701
777
608
590
126
106
382
281
32
201
683
867
397
768
182
17
115
503
234
524
873
460
216
119
535
185
576
459
192
908
50
172
341
27
290
356
775
148
327
646
531
477
617
103
483
114
293
907
512
325
931
602
559
998
310
82
262
260
321
851
638
212
632
359
277
709
930
782
824
771
611
629
187
628
2
322
828
989
856
544
656
639
236
436
200
675
299
46
390
240
88
615
465
283
942
660
959
881
758
376
596
417
561
598
223
981
852
847
995
129
374
175
778
203
169
155
29
829
80
746
821
239
947
814
945
464
63
678
859
263
10
627
425
414
624
41
922
286
616
507
826
619
925
842
877
79
87
822
478
358
521
752
841
820
779
737
252
139
422
97
924
278
979
547
794
618
207
339
872
219
191
878
957
202
583
36
953
770
838
154
915
272
365
502
497
430
174
988
641
604
868
954
288
285
633
645
371
860
708
386
761
991
999
552
349
625
24
672
164
816
229
594
661
379
257
69
505
765
434
437
498
446
391
965
345
789
193
112
863
372
555
38
887
342
780
693
508
492
449
177
258
898
220
309
976
906
292
65
511
302
406
117
3
297
984
300
864
720
515
218
144
404
900
739
25
92
714
516
876
311
920
134
60
703
938
141
445
735
242
469
91
536
865
405
807
426
591
554
937
631
6
743
248
801
529
566
104
438
962
643
679
870
209
403
346
416
466
935
634
527
304
214
131
740
361
303
420
866
485
135
950
199
961
741
208
468
813
895
874
490
673
409
996
102
15
31
817
225
804
42
923
702
750
677
570
241
316
557
913
581
328
116
663
35
560
269
539
61
533
800
320
861
939
806
809
33
344
685
441
509
912
802
883
967
296
392
53
337
26
153
956
990
871
270
943
491
351
986
387
622
68
680
411
846
474
132
960
166
969
375
463
613
160
318
671
480
471
381
333
484
11
495
760
928
259
880
707
994
694
642
690
89
534
157
725
197
974
901
439
836
599
980
158
440
12
142
968
748
845
854
66
647
948
353
479
457
301
431
657
753
22
284
553
810
551
949
107
128
522
165
267
940
9
62
545
47
699
173
145
763
168
749
715
858
987
818
21
399
388
510
244
189
588
674
958
184
844
890
727
696
992
279
84
978
721
74
178
454
226
899
669
964
764
850
575
894
254
630
654
697
354
827
571
147
71
875
329
832
970
605
578
747
56
433
886
985
649
689
788
756
143
929
501
904
593
266
718
493
577
385
766
159
831
407
579
452
246
221
620
540
308
368
256
18
918
307
233
435
506
564
963
893
151
