327
920
162
933
339
356
98
729
799
712
53
807
678
652
654
160
522
993
438
541
220
621
330
539
483
545
407
849
37
544
107
365
258
655
247
606
149
697
723
44
96
403
401
862
55
892
858
944
835
191
919
495
23
408
983
366
288
70
594
726
302
297
453
945
328
885
8
622
388
72
419
390
393
306
574
142
540
118
141
375
411
372
790
758
844
558
152
318
413
510
476
92
703
38
206
800
562
580
774
780
19
730
171
534
309
763
538
496
104
84
746
254
225
969
52
762
46
504
157
2
450
554
744
200
256
740
798
810
177
323
959
880
13
600
507
97
715
834
737
628
71
48
3
927
805
317
701
14
257
767
792
506
623
399
320
879
566
671
7
607
173
27
517
648
908
687
292
227
5
219
642
205
410
839
602
212
647
363
897
786
197
345
472
286
525
598
489
418
639
253
906
45
923
310
36
674
486
775
828
180
294
848
155
530
234
888
972
484
90
991
491
255
473
165
133
474
169
125
822
866
915
619
140
111
378
943
824
976
739
468
314
61
99
617
658
106
396
298
192
582
300
271
817
340
942
881
951
381
132
158
261
281
741
446
4
477
742
973
676
567
43
572
263
667
867
467
921
616
179
82
564
60
358
441
520
325
324
670
679
101
909
277
259
113
28
313
859
615
578
9
203
359
563
995
129
385
559
175
464
579
338
977
337
236
62
198
76
883
209
637
331
425
151
635
110
201
949
605
548
922
873
842
571
818
636
646
673
957
699
560
528
755
890
360
912
6
569
754
210
516
15
433
17
389
194
939
748
266
686
478
488
456
597
910
956
604
494
938
695
421
344
333
508
718
130
680
459
226
350
262
103
649
439
69
216
58
289
351
445
346
632
354
74
228
185
797
592
64
614
80
440
437
391
244
931
771
557
793
731
222
585
466
370
971
85
875
145
199
81
928
183
248
364
404
218
782
518
86
812
886
727
901
231
511
627
940
696
416
997
369
593
561
863
108
435
460
383
692
387
265
500
722
270
136
54
950
482
531
137
131
986
187
215
91
394
89
738
116
898
172
743
777
911
147
451
781
264
343
156
823
896
542
704
417
638
367
794
821
395
332
965
424
764
677
334
702
728
854
829
612
660
432
599
759
304
143
235
87
900
434
299
184
624
819
587
319
207
760
449
139
996
994
535
250
980
974
415
452
946
521
601
651
68
31
789
509
710
376
33
629
492
221
269
884
899
51
719
926
683
420
936
659
813
752
275
924
402
930
533
308
481
565
428
273
707
803
311
163
326
303
178
349
196
429
39
422
840
186
527
999
665
83
1
878
213
301
465
747
176
874
347
32
499
232
749
144
843
733
77
681
121
523
374
471
65
735
982
846
661
732
981
211
127
934
251
230
547
753
864
377
611
588
41
672
524
791
552
284
276
501
67
20
498
776
18
968
992
430
195
283
865
768
872
893
34
720
42
479
808
645
689
341
161
117
553
932
618
816
596
454
470
357
400
766
685
119
455
249
975
30
397
291
202
537
675
581
963
717
857
663
555
73
795
168
852
135
705
929
847
734
769
16
964
809
887
373
398
240
362
608
750
120
568
634
442
502
93
589
990
691
50
379
150
293
109
49
279
223
153
546
154
662
174
66
653
287
519
814
960
761
851
787
543
353
47
78
316
833
709
756
514
63
458
664
745
278
838
126
796
280
138
188
239
640
166
513
21
406
26
609
272
877
913
785
577
625
392
475
75
914
894
788
115
830
666
989
128
958
918
102
825
820
229
770
778
551
576
59
409
832
955
837
485
868
88
613
765
170
586
487
954
610
245
937
448
167
773
904
274
907
361
855
751
988
870
669
436
802
998
285
296
295
461
497
706
56
307
414
550
384
967
100
772
189
815
620
447
260
668
25
94
853
246
426
573
315
371
827
146
355
889
40
208
984
512
382
204
575
784
570
682
24
536
860
698
312
529
903
29
123
463
895
850
657
164
238
35
224
804
503
736
380
650
348
905
961
962
57
282
95
252
443
631
987
783
690
757
925
779
643
427
112
656
268
457
626
836
181
902
861
114
386
684
856
630
159
584
124
352
12
242
694
590
711
79
490
941
979
444
462
876
217
714
342
493
641
708
549
105
134
595
966
713
882
952
305
811
724
148
891
916
182
603
917
505
725
431
233
267
405
469
22
948
985
801
831
193
970
953
329
335
214
237
826
322
412
716
700
241
532
869
11
526
368
423
978
290
947
336
122
583
871
480
633
935
556
190
688
321
10
243
845
721
591
0
515
693
644
841
806
