822
872
230
142
740
635
566
153
536
24
879
120
75
199
216
424
460
841
349
452
177
1
260
530
242
806
111
91
586
50
918
409
339
148
412
755
793
252
908
189
378
521
81
14
564
215
320
455
291
76
41
930
301
622
468
113
292
810
275
302
580
844
790
809
729
235
198
646
72
651
470
450
480
383
848
706
895
202
253
464
104
906
400
93
347
15
988
174
226
419
873
597
146
190
217
281
675
828
696
201
885
967
67
418
440
832
183
136
385
517
224
733
670
49
687
912
155
258
695
672
306
867
902
761
432
361
861
992
364
273
710
325
739
241
147
878
537
66
836
825
322
669
960
244
724
69
738
507
884
542
114
469
459
12
118
726
608
370
13
167
234
762
204
206
97
334
643
268
55
485
445
711
837
800
369
845
426
601
704
200
295
65
577
382
540
953
331
826
323
3
326
924
520
915
313
642
8
375
262
585
187
855
720
112
52
942
497
82
824
554
572
630
789
547
578
801
611
579
193
346
288
337
368
243
513
131
563
889
466
703
220
508
763
356
408
54
171
70
251
978
44
571
71
690
637
309
807
913
959
239
533
614
484
108
684
115
799
122
422
39
134
427
154
448
491
935
34
233
151
532
679
209
287
557
429
962
716
816
125
371
798
817
499
559
250
341
697
299
279
737
813
413
927
802
23
415
372
689
11
463
442
860
538
593
685
447
210
196
487
380
396
633
581
96
451
911
754
535
272
411
263
596
357
365
414
255
782
17
32
984
98
875
588
423
779
957
709
410
504
342
818
311
568
752
852
974
227
308
60
615
42
352
983
79
495
749
938
682
823
683
458
595
869
474
923
842
783
587
95
639
851
402
862
725
625
431
727
259
437
956
247
53
116
717
560
126
467
890
607
381
100
605
294
403
934
211
404
778
993
735
417
555
705
820
46
401
493
318
359
479
35
583
436
407
741
769
771
638
797
119
494
284
558
261
166
604
439
130
373
686
2
434
613
63
173
575
30
127
398
996
117
304
667
945
444
545
674
338
218
603
541
767
172
619
525
225
367
958
454
286
598
928
310
982
632
805
329
795
821
846
327
728
780
289
694
576
374
565
420
986
175
505
870
831
379
948
48
616
509
731
319
478
849
486
712
510
208
866
936
743
7
819
503
9
567
529
90
296
514
73
830
699
994
736
676
552
5
169
786
602
814
523
721
574
641
551
355
896
609
433
38
991
549
640
477
997
759
892
449
853
647
110
905
87
316
240
650
618
973
877
843
28
753
916
29
78
840
882
940
84
83
350
271
899
933
834
600
490
582
137
944
36
203
594
887
387
267
519
811
231
99
527
922
955
511
77
109
631
894
159
522
438
277
140
473
498
144
143
666
838
886
482
746
796
228
621
33
645
665
937
627
904
51
37
343
74
462
680
980
708
610
354
161
26
903
701
207
229
344
332
425
864
925
138
16
165
931
963
64
62
788
898
655
718
714
636
748
160
399
249
362
149
791
951
392
141
61
620
405
677
858
815
265
475
653
949
539
985
290
880
300
191
833
185
891
874
223
232
164
839
58
569
678
893
303
179
282
713
590
390
792
774
395
453
673
461
421
658
657
278
856
787
123
847
671
393
397
0
238
961
489
221
496
270
182
702
40
910
719
376
89
472
80
764
612
766
176
803
868
757
747
121
85
534
219
998
254
21
987
691
881
966
205
775
888
186
784
18
652
526
312
659
664
333
180
707
688
500
871
634
745
168
214
430
10
681
106
562
804
573
43
27
829
481
446
31
105
990
599
760
742
297
428
758
456
158
976
644
135
883
317
157
45
245
777
772
756
57
305
246
591
765
921
876
544
502
981
435
152
394
865
693
145
476
550
47
307
124
975
700
103
340
835
501
663
570
920
528
965
897
751
900
584
345
20
416
366
518
276
531
88
553
768
857
257
162
626
101
384
968
732
358
999
592
512
212
335
188
808
964
692
457
465
617
283
750
274
19
389
264
907
94
266
979
794
649
812
92
929
237
515
656
662
516
926
950
443
506
623
524
850
863
441
22
256
391
946
59
492
181
624
546
388
483
194
589
184
648
150
776
386
561
315
917
25
195
192
954
543
132
129
730
947
377
4
661
293
170
859
941
971
324
86
969
548
269
178
606
6
351
360
909
919
348
248
972
139
654
314
471
330
827
213
321
734
977
995
901
68
156
932
285
163
698
236
781
773
744
939
107
328
785
128
854
722
56
952
770
989
723
197
353
629
914
715
628
556
280
102
133
668
660
488
222
406
336
970
943
298
363
