543
578
112
811
626
104
389
492
464
324
35
252
441
675
604
875
342
284
259
377
702
265
714
738
200
116
176
289
477
198
857
39
806
888
140
254
51
608
241
99
756
405
17
839
552
240
742
423
876
50
659
931
382
561
378
181
758
851
826
357
537
945
917
401
186
531
655
242
452
22
45
696
641
457
563
991
790
305
400
386
130
754
260
172
106
710
584
296
285
69
718
171
638
757
617
656
288
468
52
701
525
953
644
924
255
179
86
293
864
847
739
210
317
132
257
12
43
842
24
321
515
521
221
282
878
406
346
471
497
89
157
4
690
967
562
841
961
156
831
743
387
616
32
879
161
885
880
333
779
335
890
224
347
101
121
977
59
164
247
789
120
544
287
205
576
361
398
676
459
23
512
411
165
523
294
937
463
126
341
559
907
609
275
215
87
794
498
598
614
745
897
944
587
778
399
388
115
719
799
203
450
487
348
801
628
969
162
394
122
807
903
488
933
834
184
983
647
507
291
613
138
976
812
55
629
906
478
332
689
453
514
279
262
349
163
921
483
594
479
313
134
194
729
999
174
123
136
849
935
407
815
892
81
150
61
404
746
793
774
109
952
621
315
741
665
46
662
868
524
232
340
715
77
938
716
781
943
668
383
311
889
975
190
867
460
299
113
797
837
229
974
451
863
954
824
703
730
201
923
155
245
371
736
929
886
376
942
344
266
678
196
9
732
530
677
467
143
752
360
278
429
256
646
485
362
82
547
40
908
374
768
688
239
505
449
465
941
139
431
854
433
695
448
25
343
759
202
871
108
238
107
994
955
761
290
418
773
506
397
968
456
862
214
711
419
458
303
707
367
345
354
627
522
125
127
874
800
274
760
97
220
541
462
519
440
415
666
501
206
476
905
548
642
534
813
663
599
536
30
62
582
331
526
243
997
244
832
602
573
585
11
167
339
105
838
427
437
166
235
720
292
337
733
175
925
480
600
365
16
783
31
33
546
985
939
390
124
298
258
722
947
636
63
233
810
66
713
283
588
1
67
850
413
708
68
993
556
36
144
92
2
607
312
211
845
474
93
494
565
820
749
170
168
804
95
330
685
843
261
193
84
85
734
188
658
877
197
370
336
195
873
912
516
300
414
152
762
652
218
301
74
784
840
898
314
631
208
634
791
323
234
392
735
110
49
169
217
94
802
780
657
872
535
48
932
493
490
786
204
71
574
509
653
766
956
769
133
724
971
249
775
771
611
396
978
528
20
225
219
154
557
508
80
489
795
580
364
327
918
425
984
651
787
625
819
586
550
153
593
527
706
853
869
142
671
682
10
846
230
385
635
649
751
269
816
882
42
44
606
948
737
409
78
595
986
549
637
965
934
818
380
131
936
674
615
620
750
661
645
148
744
473
753
996
454
381
895
520
777
650
922
366
185
513
273
151
320
8
555
436
539
504
723
227
412
792
764
803
827
859
579
79
41
213
325
633
5
964
694
589
353
128
102
461
358
191
270
946
590
683
570
223
902
145
958
277
979
980
231
894
443
189
911
308
491
517
417
384
748
444
329
601
7
73
302
158
500
117
416
572
421
870
679
426
767
338
591
866
430
420
216
253
823
928
848
763
250
901
913
267
973
408
54
699
455
209
640
828
904
788
470
782
698
596
447
814
118
962
373
691
957
475
805
560
83
558
822
583
192
632
391
248
825
909
893
352
686
624
883
309
796
545
910
402
410
356
178
747
571
798
717
58
226
149
28
445
712
982
542
65
785
334
529
318
482
264
855
146
927
727
949
700
263
395
173
861
495
610
916
639
896
654
990
251
182
669
597
100
29
833
605
575
496
306
207
435
276
363
630
212
15
6
56
705
940
47
725
438
19
91
434
821
844
502
322
355
88
103
731
884
38
486
577
835
3
281
568
428
899
350
930
442
446
960
359
687
776
393
518
297
726
540
684
64
228
554
664
18
57
920
919
319
709
70
511
914
246
963
271
236
623
772
603
998
268
770
21
829
808
900
988
670
887
187
0
728
858
881
177
372
147
619
643
119
926
765
966
96
280
26
326
553
466
532
98
469
809
379
199
90
439
612
981
403
680
755
581
860
856
499
310
304
137
237
970
503
995
989
34
533
681
992
648
622
721
13
852
740
160
295
272
375
351
567
987
538
222
950
14
660
286
328
368
836
891
704
830
951
180
37
76
569
307
915
484
673
697
817
510
114
183
972
316
424
135
592
667
75
692
432
865
72
111
959
422
60
564
481
672
27
141
159
369
53
472
551
618
129
566
693
