515
124
911
554
853
401
327
426
264
871
854
947
545
275
480
104
967
473
155
962
892
467
541
130
483
217
62
710
472
752
143
313
368
78
125
246
227
43
672
367
303
567
481
452
260
107
224
19
73
48
161
527
54
55
38
646
243
138
395
749
80
865
117
381
334
966
76
147
956
652
807
418
34
279
195
0
281
602
189
409
341
734
990
312
512
555
750
944
835
668
387
95
629
168
830
423
665
486
13
440
140
993
128
149
165
288
732
230
166
192
894
393
294
921
657
742
886
269
436
522
183
825
625
795
805
359
293
948
404
768
621
457
929
268
722
737
438
444
116
760
514
20
153
484
608
289
184
836
200
145
812
650
170
940
371
239
315
806
57
71
991
33
461
92
59
525
981
225
420
47
77
815
698
378
198
259
414
207
715
690
100
849
692
712
271
636
233
900
744
776
235
499
926
677
786
838
385
933
671
766
814
711
402
558
923
872
226
32
783
163
867
297
258
232
236
470
291
469
3
971
242
927
802
274
358
877
479
93
738
595
611
754
912
399
148
75
882
158
280
68
307
292
314
309
601
308
992
957
448
187
719
582
706
267
520
899
663
146
377
909
587
361
132
610
635
333
579
388
277
193
887
819
354
859
846
197
17
893
813
154
651
675
337
634
918
656
855
328
150
704
503
502
885
287
920
876
964
262
144
513
599
422
529
186
456
895
282
266
745
889
351
897
459
413
204
310
159
425
682
464
562
538
123
120
804
701
40
372
785
347
190
730
468
360
751
941
209
890
949
999
614
915
705
355
955
56
800
576
36
329
201
286
641
772
174
135
298
273
50
743
612
724
318
801
878
142
810
103
791
412
797
203
702
559
325
811
639
501
305
114
31
570
212
109
585
210
950
683
18
996
779
276
609
245
283
488
685
231
879
476
390
676
982
575
748
49
627
998
686
765
290
113
798
323
792
735
458
478
199
119
475
550
985
437
86
571
943
787
777
99
615
965
833
598
524
129
532
731
578
658
589
229
219
338
421
63
624
433
498
30
1
331
953
758
709
493
826
176
546
465
549
952
270
302
139
339
857
563
574
261
157
673
987
707
22
839
727
667
883
428
664
607
551
769
487
106
208
670
565
842
10
177
557
913
693
588
518
332
74
408
631
434
808
837
919
959
573
603
167
23
746
254
299
516
370
946
508
924
364
942
542
521
969
356
788
910
6
169
477
733
211
517
580
366
661
994
11
126
821
180
572
778
684
720
250
362
257
102
973
568
829
319
492
345
640
41
454
694
767
342
637
42
739
644
868
796
490
824
925
577
453
506
647
858
605
237
29
214
64
790
471
35
311
932
449
363
91
583
604
346
827
844
240
382
697
178
908
340
110
628
841
375
873
415
699
156
818
306
726
903
491
986
954
248
52
680
330
863
860
547
870
845
533
888
984
321
188
756
794
988
510
755
688
424
916
443
141
747
162
221
460
121
175
714
784
960
320
505
353
255
874
666
127
869
674
37
407
45
552
182
445
972
881
410
935
540
317
861
669
526
384
466
620
820
403
507
757
689
253
15
977
728
137
72
995
840
238
160
659
793
463
884
228
961
638
700
539
864
25
392
5
451
803
530
244
866
462
902
9
764
296
618
642
285
773
544
216
173
536
134
205
272
206
295
537
978
450
770
655
780
600
519
343
83
185
968
649
446
365
16
633
906
979
553
645
834
494
997
695
474
622
215
970
82
660
379
44
843
606
989
931
828
708
88
762
535
771
721
531
696
963
632
39
617
729
851
304
852
432
374
194
389
97
136
703
736
326
584
447
856
87
196
850
898
430
373
26
662
322
523
4
405
482
691
344
191
429
133
976
376
974
397
781
348
111
301
400
980
152
832
619
597
741
817
678
896
643
740
930
823
497
352
419
922
316
687
914
569
89
69
581
653
85
623
901
58
21
391
81
252
591
222
862
51
118
975
27
441
79
247
816
324
934
336
907
53
809
774
718
891
928
759
394
831
263
560
543
561
616
936
223
416
213
654
848
983
511
630
725
122
495
723
904
7
626
937
105
716
67
383
251
28
411
131
66
847
14
300
763
528
648
94
775
822
782
406
427
249
958
799
679
592
713
435
265
548
60
681
108
594
396
24
880
278
500
241
112
369
151
613
485
171
46
350
496
234
951
593
761
96
2
489
566
335
398
917
564
179
12
590
717
386
905
181
753
442
504
164
115
509
357
439
380
101
875
945
8
61
431
218
417
84
586
939
98
90
70
938
534
789
596
202
65
220
556
349
256
284
455
172
