522
408
518
894
446
45
246
387
124
89
843
190
206
398
434
499
169
615
278
728
310
406
629
670
507
266
305
480
990
712
211
481
680
90
376
188
995
974
120
322
157
323
516
226
73
622
679
596
306
431
162
338
455
738
800
212
592
380
447
365
469
272
870
321
293
51
173
57
62
654
640
500
200
138
99
216
597
906
375
529
494
890
452
274
753
637
869
231
111
602
459
845
981
356
470
379
502
730
7
259
265
117
78
174
55
50
20
467
702
267
551
528
351
349
194
991
142
361
635
168
127
668
756
179
572
936
372
426
781
965
761
567
335
607
344
925
325
559
921
444
691
575
547
101
675
402
687
227
132
414
881
222
171
948
497
667
884
166
986
871
119
983
439
513
457
46
651
570
588
17
598
765
899
221
36
83
814
114
327
646
178
786
68
844
236
390
287
411
534
792
225
950
461
510
673
568
976
760
263
581
949
16
296
731
279
328
219
445
796
422
28
248
614
824
514
606
295
429
478
527
587
334
512
393
423
290
385
29
181
250
883
650
249
521
262
663
501
769
618
195
620
787
186
662
243
515
315
25
472
686
758
350
133
270
550
802
256
399
582
482
563
386
229
682
908
746
759
199
794
394
362
13
892
337
866
241
533
98
624
666
268
807
284
86
286
834
714
960
345
167
740
193
198
763
416
737
477
242
750
996
576
799
628
254
790
711
700
94
331
825
627
79
847
204
395
130
491
951
571
677
841
569
531
829
152
704
725
619
732
724
121
910
66
594
896
258
874
289
307
543
238
692
586
542
997
895
96
175
591
438
506
757
487
59
848
11
532
877
5
681
415
919
273
27
867
185
450
604
851
93
397
297
935
508
424
694
339
710
504
474
842
413
862
972
490
626
873
64
917
608
389
566
247
187
961
156
364
252
404
12
630
809
488
815
304
180
741
302
938
664
192
41
430
657
902
149
992
669
717
876
823
87
60
818
922
159
601
878
969
285
574
81
492
105
979
660
316
736
994
144
808
797
440
21
136
63
564
489
632
203
427
697
145
927
764
401
409
244
617
623
678
483
833
685
616
558
577
253
163
476
783
980
593
537
177
107
652
638
56
109
665
880
84
448
656
885
324
853
396
556
417
125
999
141
1
118
946
838
24
850
347
849
709
832
909
151
804
631
810
693
865
44
984
891
366
742
160
836
85
530
355
782
920
860
463
367
690
496
165
768
342
565
903
363
451
32
661
791
770
283
672
659
371
10
319
298
585
859
882
720
579
689
343
234
827
552
485
158
441
91
904
539
115
526
658
471
940
377
674
400
789
766
164
495
595
0
378
793
816
912
805
384
861
33
449
71
403
134
407
735
929
135
196
466
391
855
525
520
257
722
611
538
113
801
747
942
70
916
3
932
913
933
886
65
314
560
784
749
61
835
58
762
751
696
648
605
184
40
182
755
218
988
915
612
879
473
31
74
858
172
453
264
819
30
897
875
641
146
368
713
353
291
857
955
462
643
923
2
557
721
541
941
889
545
475
943
812
358
966
67
223
48
900
38
22
962
989
128
599
235
546
52
956
985
971
465
275
237
442
583
952
143
820
645
201
957
54
655
524
767
822
644
726
88
918
374
773
580
8
788
937
699
281
311
333
147
419
460
733
224
934
708
42
695
155
277
18
561
621
846
428
104
153
108
987
727
412
346
215
47
548
964
544
432
373
676
294
303
189
300
613
775
924
625
405
102
715
421
872
854
269
535
639
939
112
554
148
320
828
484
928
734
425
456
123
806
998
381
436
239
634
312
308
161
255
609
719
967
92
9
313
856
813
140
208
705
69
703
973
785
261
863
336
292
209
748
260
776
23
468
589
653
739
603
329
901
97
479
80
523
39
228
131
831
72
317
220
772
975
410
352
82
636
745
729
553
977
126
683
207
458
95
754
926
330
383
868
271
905
176
852
392
76
688
170
318
251
752
214
183
839
610
301
233
348
418
454
202
540
671
826
360
945
100
437
821
771
137
706
798
958
35
931
840
578
701
549
698
332
150
369
707
77
129
803
232
953
718
723
993
6
978
14
49
213
536
505
642
326
774
509
75
898
503
420
245
116
600
517
435
887
947
511
778
205
433
357
341
359
280
982
4
443
944
210
15
744
911
647
837
811
562
26
340
963
240
830
197
743
864
633
888
103
777
498
299
230
282
817
779
370
573
19
795
354
493
388
914
584
893
954
382
276
684
309
122
34
519
930
191
37
43
53
217
555
907
464
486
968
288
139
780
959
590
716
649
154
106
110
970
