858
334
147
525
830
306
985
957
354
10
229
240
425
62
702
955
662
6
872
131
154
884
850
218
212
150
363
263
491
148
221
537
56
828
371
655
308
567
590
77
970
352
120
714
246
297
361
83
351
91
319
466
244
467
25
489
859
756
104
875
679
141
592
792
969
636
384
490
844
332
649
27
672
314
326
118
183
341
64
458
152
621
393
434
289
109
507
72
622
617
817
348
311
313
281
210
949
539
438
793
574
156
960
933
823
286
171
149
677
140
245
243
9
990
684
532
468
71
886
54
665
624
659
167
356
5
469
60
630
976
383
463
701
242
998
512
981
475
382
946
889
365
904
729
902
868
217
979
174
207
718
216
76
165
521
472
233
73
85
509
177
731
457
632
44
849
317
474
660
866
737
188
347
101
406
559
898
103
562
194
208
35
641
144
762
536
359
614
789
967
888
176
938
557
493
431
97
374
758
690
613
391
197
270
201
732
829
671
719
777
198
899
851
648
487
386
261
232
78
196
945
249
433
747
587
130
388
654
499
48
339
464
742
330
202
515
963
915
778
881
139
634
501
387
251
287
773
643
519
19
8
448
84
972
717
715
163
153
712
269
975
404
733
369
734
992
315
746
673
853
669
450
436
802
837
178
735
610
53
420
419
350
656
206
403
816
892
186
522
605
640
579
965
647
411
179
459
517
882
959
282
128
456
593
290
426
106
794
910
51
358
877
325
395
921
820
546
324
994
250
848
437
160
653
445
554
931
482
709
12
409
608
477
357
524
219
948
943
151
277
344
595
366
612
407
925
670
305
755
328
962
566
878
791
115
710
835
745
658
127
618
611
307
568
300
164
781
639
838
799
905
594
939
52
125
36
49
993
804
132
209
534
503
279
495
540
204
11
833
241
412
87
59
952
481
275
772
576
181
883
298
299
825
542
569
397
172
461
195
827
974
675
716
47
248
860
577
322
687
876
102
402
907
635
337
497
310
126
142
570
129
385
408
698
26
800
492
609
479
893
372
763
89
257
651
606
843
523
180
276
751
368
405
111
329
986
589
415
845
591
547
16
114
488
668
122
531
667
293
741
657
265
498
581
320
342
583
367
247
162
988
203
2
680
586
885
399
637
146
462
14
184
121
424
646
170
55
24
414
93
423
966
161
691
808
57
516
234
575
68
92
15
514
220
932
65
280
951
432
543
43
214
918
806
995
134
417
784
937
703
928
633
119
620
689
138
480
897
903
355
728
377
510
664
580
916
302
914
920
775
744
455
930
558
80
616
629
940
272
573
818
1
32
753
100
90
318
692
790
110
158
786
556
451
63
61
805
650
549
982
879
596
17
826
29
874
362
108
304
934
908
500
429
215
686
842
688
683
807
810
834
869
694
222
984
846
726
666
754
530
13
370
571
856
266
288
333
136
228
213
730
544
941
39
924
628
471
190
496
627
31
839
418
478
890
254
285
752
788
760
443
40
0
74
504
880
192
891
107
854
607
873
768
720
935
271
45
444
545
331
759
796
813
381
224
977
852
79
561
375
380
518
465
767
303
378
528
978
20
836
99
440
911
81
323
909
685
832
602
597
260
764
200
697
947
956
740
422
340
30
625
133
96
502
906
857
312
394
913
284
964
953
189
968
511
538
644
766
364
936
550
971
638
373
225
4
821
983
442
705
187
997
780
238
41
922
82
485
70
798
112
94
785
239
199
584
410
779
824
706
900
309
626
427
961
795
137
895
292
599
713
551
761
37
748
887
259
725
678
645
58
929
446
69
572
704
541
743
855
663
508
291
182
346
917
21
831
661
75
336
430
958
50
711
155
862
681
944
227
814
923
815
237
582
273
774
927
770
460
565
783
264
235
894
954
390
231
529
652
67
476
379
428
865
416
113
223
230
863
603
256
973
615
999
535
392
262
435
321
996
771
376
676
912
513
600
696
28
901
454
989
867
699
926
278
166
695
18
294
98
296
421
295
801
327
809
736
598
840
335
841
253
822
494
776
252
578
449
123
560
439
980
283
765
724
486
631
484
708
258
811
623
526
727
33
267
470
870
723
255
674
316
42
601
896
505
552
483
871
38
987
226
739
942
452
693
168
682
861
268
345
7
473
555
95
585
700
301
441
211
520
23
553
135
185
738
722
66
564
919
338
619
175
447
548
191
34
413
159
205
588
193
453
116
349
360
46
173
604
787
157
88
527
117
642
749
343
400
396
506
950
143
398
145
274
721
3
105
991
707
389
236
533
401
812
864
169
86
803
750
124
22
819
353
847
757
769
797
782
563
