784
985
772
85
914
271
288
139
698
47
192
1
234
87
384
619
298
881
96
851
724
607
394
735
190
93
118
469
526
17
852
253
80
439
30
173
344
511
290
337
422
411
794
805
520
559
858
773
112
201
60
845
102
453
894
989
892
789
86
63
46
203
244
105
134
767
258
581
336
295
594
941
812
505
90
31
926
263
108
207
458
535
870
277
68
45
910
385
568
429
146
711
316
355
648
561
630
825
372
335
896
221
362
763
182
441
960
687
74
257
318
977
900
241
340
79
992
975
562
667
104
503
850
133
536
541
654
683
672
713
670
835
692
73
406
137
310
699
50
209
202
875
4
485
164
539
912
553
628
387
734
567
868
747
728
635
838
153
760
275
174
111
354
325
462
319
356
827
694
225
576
629
268
819
638
931
508
401
798
305
726
5
610
877
352
693
42
477
196
891
200
227
452
497
140
149
478
261
126
39
292
125
210
399
152
131
756
739
934
407
158
331
412
245
510
589
634
347
14
169
304
27
188
925
602
365
498
781
572
691
882
7
730
57
22
583
308
595
238
193
880
487
226
101
480
109
378
903
538
463
338
95
518
123
942
733
420
91
556
157
312
449
558
211
994
967
496
457
208
769
930
721
612
563
534
417
438
593
184
573
346
67
742
945
646
437
392
531
254
71
472
725
540
3
924
701
100
955
160
247
674
103
522
107
204
353
446
389
888
793
424
519
132
81
876
937
678
999
466
37
88
481
504
455
528
473
570
677
682
637
700
727
386
569
666
959
332
239
460
423
278
611
828
663
330
547
262
751
486
911
982
585
454
919
106
495
718
197
162
719
180
341
776
771
98
813
276
591
502
923
814
817
360
119
56
113
364
161
802
665
722
973
474
419
938
9
8
375
636
171
856
795
658
311
906
749
390
77
274
761
144
33
808
293
566
421
28
627
560
571
0
115
222
51
300
471
524
779
154
507
216
433
716
633
738
229
166
657
426
555
436
659
94
13
348
285
940
623
326
673
980
741
482
283
708
883
450
191
328
675
864
25
130
491
212
901
10
329
660
259
506
75
552
707
442
127
928
703
76
533
984
947
514
737
608
235
964
971
512
163
604
427
656
809
598
899
122
189
492
935
626
777
428
527
844
615
898
315
532
963
248
731
224
327
976
301
26
349
6
723
754
369
614
887
710
685
530
893
782
837
64
69
58
643
402
409
832
969
48
231
236
855
848
961
366
715
168
151
110
897
590
797
786
661
904
601
748
219
320
847
826
299
750
167
790
933
946
461
712
625
762
181
860
129
866
215
788
991
688
475
952
821
24
909
252
705
256
397
970
29
918
121
178
143
36
823
138
509
444
587
978
965
34
655
846
787
720
951
38
649
306
333
642
895
752
415
220
671
272
11
804
99
890
639
640
537
370
493
836
391
774
801
662
147
476
839
974
729
82
829
842
873
128
815
418
179
684
49
732
309
806
205
432
927
834
515
744
869
550
669
120
357
810
243
84
65
998
577
218
345
878
379
824
617
240
373
822
557
54
479
958
993
150
269
680
857
968
413
400
843
990
523
830
757
376
281
956
549
792
265
616
351
32
695
596
979
136
853
944
521
62
575
584
597
542
339
770
879
544
517
488
603
44
849
606
613
796
759
644
393
176
89
588
177
564
447
92
651
388
465
690
217
652
55
972
765
618
949
490
679
988
609
586
631
214
367
434
23
582
117
936
831
702
255
650
525
170
451
464
237
500
785
768
939
986
997
668
709
374
267
260
61
282
599
408
313
922
913
206
279
764
921
962
317
862
359
886
155
72
307
2
15
758
605
736
297
494
743
18
459
574
865
142
641
314
287
580
361
916
545
996
445
250
645
872
513
324
175
622
943
284
905
766
861
706
21
416
957
884
405
778
953
266
867
414
697
124
223
398
185
70
833
404
783
546
403
932
97
620
249
440
811
820
717
116
251
286
499
954
987
172
565
516
929
948
435
704
383
592
233
578
303
664
35
40
183
902
41
228
425
950
381
920
135
302
871
396
291
230
489
358
653
800
753
246
377
368
621
676
53
52
159
548
371
270
289
468
841
242
745
156
273
198
343
554
863
600
195
816
917
484
467
20
775
186
551
410
543
382
983
430
799
334
19
194
43
78
889
470
213
66
165
966
141
12
579
854
501
740
689
148
199
456
145
264
83
114
791
908
915
232
807
280
859
696
483
632
907
818
647
16
59
350
431
322
755
624
443
380
529
686
323
448
363
296
681
342
395
874
995
840
885
746
981
714
321
780
803
294
187
