166
61
172
25
62
15
12
37
186
135
130
141
2
73
184
171
26
97
42
57
124
105
76
65
142
11
18
161
148
31
96
99
80
131
6
47
144
189
86
91
54
81
78
145
64
63
22
67
114
93
122
143
66
163
28
153
44
197
46
199
10
9
154
23
24
27
116
107
152
95
56
19
128
121
90
55
40
39
178
13
50
101
146
125
136
49
156
21
168
157
110
111
132
45
164
137
52
35
140
103
158
71
106
53
182
193
160
179
108
89
82
119
34
147
68
83
192
123
162
7
104
159
60
177
88
129
58
41
4
139
120
155
196
187
150
191
38
29
16
51
94
79
190
173
48
175
112
3
126
5
32
169
14
43
8
185
0
77
118
195
174
85
98
115
138
167
72
127
170
183
176
69
194
151
20
117
74
59
198
1
134
87
70
165
36
33
100
133
92
109
180
75
102
149
30
113
84
17
188
181
