183
65
31
1
193
135
186
185
13
21
162
197
71
50
74
126
140
26
194
55
27
39
32
29
99
130
96
176
189
190
129
122
53
58
147
192
4
191
20
42
120
10
168
78
118
155
111
124
3
170
59
157
110
180
156
73
41
34
37
103
52
125
84
127
19
116
198
104
113
8
146
141
24
145
134
85
7
164
119
150
68
51
69
45
188
44
114
15
161
108
132
175
109
9
98
90
62
12
139
94
25
112
107
144
30
86
64
76
148
128
91
54
57
87
61
149
60
11
184
136
5
18
177
133
101
171
49
121
46
89
75
17
142
153
97
165
160
178
43
182
79
95
70
152
83
138
47
93
117
151
23
181
33
199
172
159
66
80
28
137
179
154
77
67
169
2
36
195
102
48
106
115
187
131
40
105
123
82
81
6
167
173
56
14
63
92
163
158
196
100
143
72
22
166
88
0
174
38
16
35
